100
12 15 8
0 0 1 0 1 1 0 1 1 0 0 1 0 1 0
1 1 1 0 1 1 0 1 1 1 1 0 0 0 0
1 0 1 1 1 1 1 1 1 1 0 0 0 0 1
0 0 1 0 1 1 0 1 1 1 1 0 1 0 0
0 1 1 1 0 1 0 1 1 0 1 0 0 1 1
1 0 0 0 1 1 1 0 0 1 0 1 0 0 1
1 1 0 1 1 1 1 0 0 1 1 1 0 0 1
0 0 0 1 0 1 0 0 0 0 1 1 0 0 0
1 0 0 0 1 0 0 0 1 1 0 1 0 0 1
0 0 1 1 0 1 1 0 0 0 1 0 1 1 0
1 0 1 1 1 1 1 0 1 1 0 1 0 0 0
1 0 0 0 1 0 1 0 1 0 0 0 0 1 0
9 1 4
1
1
0
1
0
1
1
0
1
7 17 1
1 0 1 1 1 1 1 1 1 0 1 1 0 1 0 0 0
1 1 0 1 0 0 1 0 0 1 0 1 0 0 0 0 0
0 1 0 1 1 1 0 0 1 0 1 1 1 0 0 1 1
1 0 1 0 0 0 0 1 1 1 1 1 1 1 0 1 0
0 1 0 1 0 1 1 0 0 1 0 1 0 0 1 0 0
1 0 1 0 1 0 0 0 0 1 1 1 1 1 0 1 1
1 1 0 0 0 0 1 1 1 0 0 1 0 1 1 0 0
5 8 4
1 0 0 1 0 1 1 0
1 0 0 1 0 1 1 1
1 0 1 1 1 1 1 0
0 1 1 0 1 1 1 0
0 0 0 0 0 1 0 0
5 14 3
1 0 0 1 0 1 0 0 1 1 0 1 0 1
1 0 1 0 1 0 0 1 0 1 0 0 0 1
0 1 0 1 1 0 1 0 0 1 0 0 0 1
0 1 0 1 0 1 1 0 0 1 1 0 0 1
0 1 1 1 1 1 0 0 0 1 1 0 1 1
4 11 1
0 1 0 1 1 0 0 0 0 0 0
1 0 0 0 1 0 1 0 0 1 1
0 1 1 1 0 1 0 1 1 0 0
0 1 1 1 1 1 0 1 1 1 0
12 6 11
0 1 0 0 0 0
1 1 1 0 0 1
1 0 1 1 1 0
1 1 0 0 0 1
1 0 1 1 1 0
1 1 0 1 0 0
1 0 0 1 0 0
1 1 0 0 1 1
0 1 0 1 0 1
0 0 1 0 0 0
0 1 1 0 0 1
1 0 1 1 0 0
6 11 4
1 0 0 1 1 1 0 1 1 0 0
0 0 0 0 1 0 0 0 1 0 1
0 1 1 1 1 1 1 1 1 0 0
1 1 0 0 1 1 1 1 1 0 1
0 0 0 0 0 0 1 0 0 1 1
1 1 0 1 1 1 1 1 1 1 1
10 18 5
1 0 0 1 0 1 0 1 1 1 0 0 1 0 1 0 1 0
0 1 1 0 0 1 1 1 0 0 1 0 0 0 0 1 1 1
1 1 1 0 0 1 1 0 1 1 1 1 0 1 1 0 1 0
1 1 0 1 0 0 0 0 0 1 0 1 1 1 0 0 1 0
1 0 0 1 0 0 0 0 1 1 0 0 0 1 1 1 0 0
1 1 0 0 0 1 0 0 0 0 1 0 0 1 0 1 0 0
0 0 0 0 1 1 0 0 1 1 1 1 1 0 0 1 0 0
1 0 0 0 1 0 0 1 0 1 1 0 0 0 1 1 1 1
1 0 1 0 1 1 1 0 1 1 0 1 0 0 0 0 1 0
1 1 0 1 0 1 1 1 0 1 0 1 1 0 1 0 1 0
13 6 4
0 0 0 0 0 0
1 0 1 1 1 0
1 1 0 0 0 1
0 0 1 0 0 1
1 0 0 0 0 0
1 1 1 0 0 0
1 1 1 1 1 0
1 0 0 0 0 1
1 1 0 1 0 1
0 1 1 0 0 1
1 1 0 0 0 0
0 1 0 0 1 1
0 0 1 0 1 1
5 3 3
1 1 1
0 1 0
1 0 0
0 1 0
1 1 1
5 1 1
1
1
0
0
1
10 19 6
0 1 1 1 1 0 1 1 1 1 0 1 1 1 1 1 0 0 1
1 1 1 0 1 0 0 1 0 1 0 0 1 0 0 1 0 0 0
0 0 0 0 0 0 0 0 1 1 0 1 0 1 0 1 1 0 0
1 1 1 1 0 1 1 1 1 1 0 0 1 1 1 0 0 0 0
0 0 1 1 1 0 0 1 1 0 1 1 0 1 0 1 1 0 1
0 1 1 0 1 1 1 0 1 1 0 0 0 1 1 1 1 1 0
0 0 1 1 0 1 1 0 0 0 0 1 0 1 1 1 1 1 0
0 0 1 0 0 0 1 1 0 0 1 1 1 0 0 0 0 1 1
1 0 1 0 0 0 0 1 0 1 1 0 0 1 1 1 0 1 1
0 1 1 1 1 1 1 1 0 1 1 0 1 0 1 1 1 0 0
13 6 13
1 0 0 1 0 0
1 1 0 0 0 0
1 0 1 0 0 0
0 1 1 0 0 0
0 0 1 1 1 1
0 1 1 1 1 1
0 0 1 0 1 0
0 1 0 0 1 0
1 1 0 0 0 1
1 1 0 1 1 1
0 1 0 1 0 1
0 1 1 1 1 1
0 0 0 1 1 1
6 4 4
0 0 0 1
0 1 0 0
1 0 0 1
1 0 0 1
0 0 0 0
1 0 0 1
7 14 7
1 0 1 0 0 1 1 0 1 1 0 0 0 0
0 0 0 1 1 1 1 1 0 1 1 0 1 0
1 1 0 1 1 1 0 0 0 1 1 0 1 1
0 1 0 1 1 1 0 1 1 1 0 0 0 0
1 1 0 1 0 1 1 1 1 0 1 1 1 0
1 1 1 1 1 1 1 1 1 1 0 0 1 0
0 0 1 0 0 0 1 1 1 0 1 1 1 1
7 7 7
0 1 0 0 1 1 1
0 1 0 0 0 1 1
1 1 1 0 1 0 0
0 1 0 0 0 1 0
1 0 1 1 1 1 1
1 1 1 0 1 1 1
1 1 1 0 1 0 0
4 11 3
1 1 0 0 1 0 0 0 0 0 1
1 0 1 0 1 1 1 0 0 0 1
1 1 0 1 1 1 1 0 0 1 1
0 0 1 0 1 1 1 1 0 1 0
7 5 1
1 0 1 0 1
0 0 1 1 0
1 0 1 0 0
0 1 1 1 1
0 0 1 0 0
1 1 1 0 0
1 1 1 0 0
13 10 8
0 0 1 0 1 0 1 1 1 0
1 0 0 0 1 0 0 0 1 0
0 1 1 1 0 0 1 0 1 1
1 0 1 1 1 0 0 0 0 1
0 1 0 1 0 1 0 1 1 1
1 0 1 1 0 1 1 0 1 0
0 0 0 1 0 1 1 1 0 0
0 1 1 0 1 1 1 1 0 0
1 1 0 0 1 0 0 0 1 0
1 0 1 0 1 0 0 0 0 1
0 0 1 0 1 1 1 0 1 0
1 0 1 0 0 0 1 1 0 1
1 1 1 1 1 1 0 0 1 0
13 1 9
0
0
1
1
1
0
1
1
1
1
1
0
0
3 9 2
1 0 1 0 1 1 1 0 1
0 0 0 0 0 0 1 0 0
0 1 0 1 1 0 0 0 0
4 12 3
1 1 1 0 1 0 0 1 0 1 0 1
1 0 1 0 0 1 0 0 0 0 0 0
0 0 0 0 1 1 1 1 1 1 1 1
0 0 0 0 1 1 1 1 0 0 1 1
5 14 3
0 1 0 1 0 1 1 1 0 1 1 0 0 0
1 0 1 0 0 0 1 0 0 0 1 1 0 1
0 1 1 1 1 1 1 1 1 1 1 0 1 0
0 0 0 1 0 0 0 0 1 0 0 1 1 0
0 0 1 0 1 0 1 1 0 0 1 0 1 0
5 1 2
0
0
0
0
1
10 11 9
0 1 0 1 0 1 1 0 0 0 1
1 1 0 1 0 1 1 1 0 1 1
1 0 1 1 0 1 1 0 0 0 1
1 0 1 0 1 1 0 0 1 0 1
0 1 1 1 0 0 1 0 1 0 1
0 0 0 1 1 0 1 1 1 1 0
0 1 0 0 1 0 1 0 1 1 1
0 0 1 0 1 0 0 1 1 1 0
1 0 1 0 1 0 1 0 1 1 1
1 0 1 1 1 1 1 1 0 0 1
11 7 10
1 1 0 0 0 0 1
0 0 1 0 1 0 0
0 1 0 1 0 0 0
1 0 1 0 1 1 0
1 1 0 0 0 0 1
1 1 1 1 0 0 0
0 0 0 0 0 1 1
1 1 0 0 0 0 0
0 0 0 0 0 1 0
1 0 1 1 1 0 0
1 1 1 0 1 1 0
13 6 1
1 1 1 0 1 1
0 1 0 1 1 0
0 1 0 0 1 1
1 0 1 1 1 0
0 1 1 0 0 1
0 1 1 0 0 0
1 1 0 1 1 1
1 1 0 0 1 1
0 1 0 0 1 1
0 1 0 1 0 0
1 1 0 0 1 1
1 0 1 0 0 0
1 0 1 1 1 0
6 7 3
0 1 0 0 0 0 1
1 1 0 0 0 1 1
0 0 1 1 0 0 1
1 0 1 1 0 1 0
0 1 0 0 0 0 1
1 0 0 1 1 0 0
5 16 1
0 1 1 0 1 0 0 1 1 1 0 0 0 0 0 0
1 0 1 0 1 0 1 1 1 0 1 0 0 0 0 1
0 0 0 0 1 1 1 1 0 0 1 0 0 1 0 1
1 0 1 0 0 1 1 1 1 0 0 1 1 0 1 1
1 1 1 0 1 1 0 0 1 0 1 0 0 1 1 0
4 1 3
1
0
0
1
3 8 1
0 0 1 1 1 0 1 1
1 1 0 1 0 0 1 1
0 1 0 0 0 1 1 0
12 15 12
1 0 0 0 1 1 0 1 0 0 0 1 0 1 0
1 0 1 1 1 0 0 0 0 0 1 1 1 1 1
1 1 0 1 1 0 0 0 1 1 1 0 1 0 0
1 0 0 0 0 0 1 1 1 0 1 1 1 0 0
1 1 1 1 0 1 1 1 1 0 1 1 1 0 0
0 1 1 0 0 0 0 1 1 1 0 1 0 1 1
0 0 0 1 1 1 0 0 0 0 0 0 1 1 1
0 1 0 0 1 1 1 0 0 0 0 0 0 0 0
1 0 1 0 0 1 0 1 0 1 1 0 1 1 1
0 0 1 0 1 1 1 0 1 1 1 1 1 0 0
1 1 0 1 1 0 1 1 1 1 0 1 0 1 1
0 0 1 0 0 0 1 1 1 1 1 0 0 1 1
11 9 5
1 0 1 1 0 0 0 0 1
0 0 0 1 1 0 1 0 1
1 0 1 1 1 1 0 1 0
0 1 1 0 0 0 1 1 1
0 1 1 0 0 1 1 0 0
0 1 0 1 0 1 1 1 1
0 0 1 1 1 0 0 0 0
1 0 0 1 1 0 1 1 1
1 1 1 0 0 1 0 0 0
0 0 1 1 0 0 0 0 0
0 1 1 1 0 0 0 1 1
8 2 7
0 0
0 0
0 0
0 0
0 0
1 1
1 1
0 1
6 19 4
0 0 1 1 0 1 0 1 1 0 0 1 1 1 0 0 0 1 1
1 1 1 1 0 1 0 0 0 0 1 0 1 0 1 1 0 0 0
1 0 1 1 1 1 1 0 1 1 0 0 1 1 1 0 0 0 1
0 1 0 0 0 0 1 1 0 0 0 0 0 1 1 1 1 1 1
1 1 1 1 1 0 0 0 0 0 1 1 1 1 1 0 0 0 1
0 0 1 0 1 0 0 1 1 1 1 0 0 1 0 1 0 1 1
3 5 2
1 0 1 0 0
1 1 0 1 1
1 0 1 1 1
12 7 4
0 0 0 1 0 1 1
0 1 1 1 0 0 0
0 1 0 0 1 1 1
0 1 1 0 1 1 1
1 0 0 0 1 0 1
0 1 1 1 0 1 1
1 1 1 1 0 1 0
1 1 1 1 1 1 0
0 0 0 0 1 0 0
0 0 1 1 0 0 1
0 0 0 1 0 1 0
0 0 1 1 1 1 0
11 19 11
1 1 1 1 1 0 0 0 0 1 0 0 0 0 1 0 1 1 1
1 0 0 0 0 1 0 1 0 1 1 0 0 1 1 0 1 1 0
0 1 0 0 1 1 0 0 0 1 0 0 1 1 0 0 0 1 0
1 0 0 1 0 0 1 1 0 0 0 0 0 1 1 1 1 0 0
0 1 0 1 1 1 1 0 0 0 1 0 1 1 1 0 1 0 1
1 0 0 0 1 1 0 1 1 0 0 1 0 1 1 0 1 1 1
0 0 1 1 0 0 0 1 0 1 1 1 1 1 1 1 1 1 0
0 0 0 1 1 1 0 1 0 0 1 1 1 1 0 0 1 0 0
0 1 0 1 1 0 0 1 1 0 1 0 0 0 0 0 0 1 1
1 0 1 0 1 1 0 1 0 1 1 0 1 1 1 0 1 1 0
0 0 0 0 0 1 0 1 0 1 1 1 0 0 0 0 1 0 1
6 20 1
0 0 0 1 1 1 1 1 0 1 0 0 0 1 1 0 1 0 1 1
0 1 0 1 0 0 0 0 0 1 1 1 0 1 0 0 1 1 0 0
0 1 0 1 1 1 1 1 0 1 1 1 1 0 0 0 1 0 1 0
0 0 1 1 1 0 0 1 1 1 1 0 1 0 0 1 0 1 0 1
0 1 1 1 0 0 1 1 1 1 1 1 0 0 1 0 1 0 1 0
1 0 1 0 1 0 1 1 1 1 1 0 0 0 0 0 0 0 1 1
9 7 1
0 1 1 1 0 0 1
1 1 0 0 0 0 0
0 1 1 1 1 1 1
1 1 0 1 1 1 0
0 1 1 1 0 1 1
0 1 1 1 0 0 0
0 1 1 0 1 1 1
1 0 0 1 0 1 0
0 1 0 0 0 1 1
9 16 8
1 0 0 1 1 1 0 1 1 1 0 1 0 0 1 1
1 1 1 1 1 1 1 0 1 0 0 1 1 0 0 1
1 0 0 1 0 0 0 0 1 0 0 0 1 0 0 0
0 1 0 1 1 0 1 0 1 0 0 0 0 1 0 0
0 1 1 1 1 1 0 0 0 0 1 1 1 0 1 1
0 1 0 0 0 0 0 0 1 1 1 1 0 0 1 0
1 1 1 0 1 0 1 0 1 1 1 1 0 1 0 1
0 0 1 1 0 1 1 1 0 0 1 1 0 1 0 1
0 1 0 1 1 1 0 0 0 1 0 1 1 1 0 0
9 4 5
1 1 0 0
0 0 1 1
0 0 1 1
1 0 0 1
0 0 0 0
1 0 1 1
1 1 0 0
0 0 1 1
1 1 1 1
11 6 10
0 1 1 0 0 0
1 0 0 1 0 0
0 0 0 0 0 0
1 0 1 1 1 1
1 0 0 0 1 1
1 0 0 0 0 1
1 0 1 0 1 1
0 1 1 1 1 1
0 1 1 0 0 1
1 0 0 0 1 1
0 0 1 0 1 1
11 2 2
1 1
0 0
0 1
1 1
1 0
1 0
0 0
0 1
0 0
1 0
0 0
4 16 2
1 0 0 0 1 0 1 1 1 0 0 0 1 0 0 1
1 1 0 1 1 0 1 1 0 1 0 1 0 1 1 1
0 1 0 1 1 0 1 1 0 0 0 1 0 0 1 0
1 0 1 0 1 0 1 1 1 1 0 1 0 0 0 0
4 10 2
0 0 1 1 1 1 0 1 1 0
0 0 1 0 0 0 0 0 0 1
1 0 1 1 0 1 1 1 1 0
0 1 0 0 0 0 1 0 0 0
9 16 1
0 0 0 0 1 1 1 0 1 1 1 0 0 1 0 1
1 0 1 1 0 1 0 1 1 0 0 1 1 1 0 1
0 1 1 0 0 1 1 0 0 1 1 1 0 1 1 1
1 1 0 0 1 0 0 1 1 0 1 0 0 1 0 0
1 1 1 0 1 1 0 0 0 0 1 1 1 0 0 1
1 1 0 1 1 0 1 0 1 0 0 0 0 0 1 1
1 1 1 0 0 0 0 0 1 0 0 1 1 0 0 0
0 1 0 0 1 0 1 1 0 0 1 0 1 1 1 1
1 1 1 0 0 0 1 0 1 1 0 0 1 1 0 0
5 11 2
0 1 0 0 1 1 1 1 1 0 0
1 1 1 1 0 1 1 1 0 1 1
0 1 1 1 0 1 0 1 0 1 1
0 1 0 0 1 1 0 0 0 1 0
0 0 0 0 0 1 0 1 0 1 1
10 3 5
1 1 0
1 0 1
1 1 1
1 0 0
1 1 1
0 1 0
1 1 0
0 1 1
0 1 0
0 1 0
8 14 3
0 1 0 0 0 1 1 0 1 1 0 0 1 1
0 0 1 0 0 1 0 0 0 0 1 1 1 0
0 1 0 1 0 1 1 1 0 0 0 1 0 1
1 1 1 1 1 1 1 0 0 0 1 0 0 1
0 0 0 0 0 1 0 1 1 0 1 0 0 1
0 1 1 0 0 0 0 0 0 1 1 1 1 0
0 1 1 0 1 1 0 0 1 0 1 1 0 0
1 1 0 0 0 0 0 1 0 1 0 0 1 1
11 13 1
1 1 0 1 1 1 1 1 0 1 1 0 1
0 0 1 0 0 1 1 1 1 1 1 1 0
1 0 0 1 0 0 0 1 0 0 0 1 1
0 1 0 0 0 0 0 0 1 1 1 1 1
0 0 0 1 1 1 0 1 0 1 1 1 1
0 1 0 0 1 1 0 1 0 1 1 1 0
1 1 0 1 0 1 0 1 0 0 0 1 1
0 1 0 0 1 1 0 1 0 0 1 1 0
1 0 1 1 0 1 1 1 0 0 0 1 0
0 1 0 0 0 0 1 1 0 0 0 1 1
1 0 0 0 0 1 0 0 1 0 0 1 1
8 19 6
1 1 0 0 1 1 0 1 0 1 0 0 1 0 0 0 0 0 0
0 1 1 0 0 1 1 0 0 0 1 0 0 1 0 1 1 1 0
0 1 0 0 1 0 0 0 0 0 0 1 0 0 1 0 0 1 1
0 0 0 0 0 0 0 0 1 1 1 0 1 0 0 0 1 0 0
1 1 0 1 0 1 0 1 0 1 0 1 1 1 1 0 1 0 1
1 0 1 1 0 1 0 1 1 1 0 1 1 0 1 0 1 1 0
1 0 0 0 1 1 1 1 0 0 0 1 1 0 1 0 0 1 1
0 1 1 1 1 1 0 1 1 0 0 1 1 1 1 0 1 1 0
12 8 3
0 1 1 0 1 0 0 1
1 1 0 1 1 0 1 1
1 0 1 1 0 0 0 1
1 0 1 0 1 0 1 0
0 1 0 1 1 0 0 1
1 1 0 0 1 0 0 0
0 1 1 0 0 1 0 0
0 1 0 0 1 0 0 0
1 1 0 0 1 1 0 0
0 0 0 1 1 0 1 0
0 1 1 1 1 0 0 1
0 1 1 0 1 0 1 0
12 10 10
0 0 0 0 1 0 0 0 1 0
1 0 1 0 0 0 1 1 0 1
1 1 1 1 0 0 0 1 1 1
0 0 1 0 1 0 1 1 1 0
0 0 1 0 1 0 0 1 1 0
0 0 1 0 1 1 0 0 0 1
1 1 1 1 0 1 0 0 0 1
0 0 1 1 0 0 1 0 1 1
1 1 1 0 0 0 0 1 0 1
0 0 0 0 1 0 0 1 0 1
0 0 0 1 0 0 1 1 0 0
1 1 1 0 1 0 1 0 1 0
13 7 6
0 1 0 0 1 1 0
1 1 1 0 0 0 0
0 1 0 1 1 0 1
1 1 0 1 1 0 0
1 0 1 1 1 1 1
0 1 0 1 1 1 1
1 0 1 1 1 1 1
0 0 1 1 1 0 0
1 1 0 0 1 1 0
0 0 0 1 1 1 0
1 0 0 1 0 0 1
0 0 1 1 0 0 0
0 1 0 0 0 0 1
10 8 1
0 0 0 0 1 0 1 1
0 0 1 0 0 0 0 1
0 1 0 1 0 0 1 1
1 1 1 1 1 1 0 0
0 0 0 1 0 1 0 1
0 1 1 1 0 1 1 1
1 1 1 1 1 0 1 0
1 0 0 0 0 1 0 1
1 0 1 1 1 1 0 0
0 1 1 1 1 1 1 0
10 9 7
0 0 0 1 0 1 0 1 1
0 1 1 0 0 1 1 1 0
0 1 1 0 0 0 1 1 1
1 0 0 1 0 0 1 0 0
1 0 1 0 0 0 0 1 0
0 1 0 1 1 0 1 1 0
1 1 1 1 0 1 0 0 1
1 0 1 0 1 0 1 1 0
0 0 1 1 1 1 1 1 1
1 0 1 0 0 1 1 1 1
12 17 2
0 0 0 1 1 0 1 0 1 1 0 0 1 0 0 0 1
1 1 1 0 1 1 1 1 1 0 0 1 0 0 0 1 0
0 0 1 1 0 1 1 0 0 0 0 0 0 0 1 0 1
0 0 0 0 0 1 1 0 0 1 1 0 0 0 0 0 0
0 0 1 0 0 0 1 1 1 1 0 1 1 1 1 0 0
1 1 0 1 0 1 1 1 0 1 0 0 0 1 0 0 0
1 0 0 1 0 1 1 1 0 0 0 1 1 1 1 0 1
1 0 0 0 0 0 0 0 0 1 0 0 0 0 0 0 1
0 0 0 1 1 1 0 1 0 0 0 1 0 1 0 0 0
0 0 0 1 1 0 0 0 0 1 0 0 0 0 1 1 1
0 0 0 1 1 0 0 0 1 1 1 0 0 0 1 0 0
0 1 1 1 1 1 0 0 0 0 0 1 1 1 0 1 1
7 14 4
0 1 1 1 1 1 1 1 0 1 1 0 1 1
1 0 1 0 1 0 1 0 1 1 1 1 1 0
0 0 0 0 0 0 0 0 0 0 0 0 1 0
0 1 0 1 1 1 1 1 1 0 0 0 1 0
0 0 0 1 0 1 0 1 0 1 1 0 0 1
0 1 0 1 0 0 0 0 1 1 1 1 1 1
1 0 1 1 0 1 1 1 0 0 0 1 0 0
3 10 3
1 0 0 1 0 1 1 0 0 1
1 0 1 1 1 0 1 1 1 0
0 1 0 0 1 0 0 0 1 1
6 2 5
1 1
0 0
0 1
1 0
1 1
1 0
11 13 10
1 0 0 0 1 0 1 1 1 0 0 0 0
0 0 1 1 0 1 0 1 0 1 1 1 1
0 1 0 0 1 0 0 1 0 1 1 0 0
0 1 1 0 1 0 0 0 1 1 0 1 1
1 1 1 1 1 1 0 1 0 1 0 1 1
0 1 1 0 0 0 0 1 1 1 1 0 0
1 1 1 0 1 1 0 0 0 1 0 0 1
1 1 0 0 1 0 1 0 1 0 1 0 1
0 0 1 1 0 0 1 0 0 1 1 1 0
0 1 1 0 1 0 0 1 1 1 1 1 0
0 1 1 1 0 0 1 0 0 0 1 1 1
5 9 1
1 1 0 0 1 1 1 1 1
1 1 0 0 1 1 0 1 1
1 1 1 1 1 0 0 1 1
0 1 1 0 0 0 1 1 1
1 1 1 1 0 0 1 0 1
8 10 3
0 1 1 1 0 1 0 1 0 1
1 1 1 0 1 1 0 0 0 1
1 0 0 1 0 1 1 0 0 1
1 1 0 1 1 0 1 0 0 1
0 0 0 1 1 0 1 0 0 0
0 1 1 0 1 1 0 0 0 1
0 1 0 0 0 0 0 1 1 0
1 1 0 0 0 0 1 0 1 1
9 14 8
1 0 1 0 1 1 1 0 0 0 1 1 0 0
0 1 0 0 1 0 1 0 1 1 1 0 0 1
0 0 0 1 0 0 1 0 0 0 1 0 0 1
0 0 1 0 1 1 1 0 0 0 0 0 0 0
0 0 0 0 1 0 1 0 1 0 0 0 1 1
1 1 0 0 0 1 1 0 0 1 0 0 1 1
0 0 1 0 1 0 0 1 1 0 1 0 0 0
1 1 0 0 1 1 0 0 0 1 1 1 1 1
0 0 0 0 0 1 0 0 1 0 1 0 1 0
8 17 4
1 1 0 1 1 1 1 1 1 1 1 1 0 0 1 1 1
1 0 0 0 0 0 1 0 0 0 0 0 1 1 0 0 1
1 1 1 1 0 1 1 1 1 1 0 0 0 0 0 1 0
0 1 0 0 1 0 1 1 0 1 0 1 1 0 1 1 1
0 0 0 0 0 0 1 0 1 0 1 1 1 1 1 0 0
0 1 0 0 1 1 0 0 0 0 1 0 0 0 0 0 0
1 0 0 1 1 0 0 1 0 1 1 0 1 1 1 1 0
1 0 0 1 1 0 0 1 1 0 1 1 0 1 0 1 0
4 14 1
0 0 1 0 0 0 0 0 0 0 1 1 0 0
0 0 0 0 0 0 0 1 0 0 0 0 1 1
0 0 0 1 1 0 0 0 1 1 0 0 1 1
0 1 0 1 1 0 0 0 1 1 1 0 0 0
7 8 3
1 0 1 1 1 0 0 0
1 1 1 1 1 1 0 1
1 1 1 1 0 0 0 1
1 1 0 0 0 0 0 0
1 1 0 1 1 0 0 1
0 0 1 1 1 1 1 1
1 1 1 1 1 0 1 1
4 15 2
1 1 1 1 0 1 0 1 0 0 1 0 0 1 0
0 1 0 0 0 0 1 1 1 0 0 1 0 0 1
1 1 0 0 0 0 0 0 0 0 0 0 1 1 1
1 1 0 1 0 1 0 0 0 0 1 0 0 0 1
8 1 8
1
0
1
0
1
1
1
1
4 6 3
0 0 1 0 0 1
0 1 0 1 0 0
0 1 1 1 1 0
0 0 1 1 1 1
5 3 5
1 0 1
1 0 0
1 0 1
0 0 1
0 1 0
9 16 8
0 1 0 0 0 1 0 1 0 0 0 1 1 0 0 0
0 0 0 1 1 1 1 1 1 1 0 0 1 0 0 1
1 1 0 1 1 1 0 1 1 0 0 1 1 0 1 1
0 1 1 0 0 0 0 0 0 0 1 1 1 1 0 0
1 0 0 1 0 0 0 0 1 1 1 0 1 0 0 0
1 1 1 1 1 1 1 0 1 1 0 0 0 1 1 0
0 0 0 1 0 1 0 0 0 1 1 1 0 1 1 0
0 0 1 0 0 0 1 0 0 1 0 0 1 0 0 0
1 1 1 1 1 0 1 1 0 0 0 0 0 0 0 1
3 9 2
0 0 0 0 1 1 1 0 0
1 0 0 0 1 1 0 0 0
1 0 1 1 1 0 1 0 1
11 7 4
1 0 0 1 1 1 0
1 1 1 1 1 1 0
1 0 1 0 1 1 0
0 0 1 0 0 0 1
0 1 1 1 0 1 0
1 1 1 0 0 1 1
0 0 1 1 0 0 1
0 0 0 0 1 1 0
0 0 0 1 0 0 1
0 1 1 1 1 0 1
0 1 1 1 1 1 1
7 15 7
1 1 1 0 1 1 0 1 1 1 1 0 0 0 0
0 0 0 0 1 1 0 1 0 1 1 1 0 1 0
1 0 0 0 0 1 0 0 0 0 1 1 0 1 1
0 1 1 1 1 0 1 1 0 1 0 1 0 1 0
1 1 0 1 0 0 0 1 0 1 1 0 0 0 0
0 1 0 1 0 0 0 0 1 0 1 0 1 0 0
1 0 1 1 0 0 1 1 0 0 0 1 1 0 1
9 10 8
1 0 0 0 0 1 0 0 0 1
1 0 0 1 0 1 1 0 0 1
0 0 0 1 1 1 1 1 1 0
0 0 0 0 0 0 0 1 1 0
0 0 0 1 0 1 0 0 1 1
1 1 1 1 0 0 0 1 1 1
1 1 0 1 1 1 1 0 0 1
0 1 1 0 1 0 1 1 1 1
0 1 1 1 1 1 1 1 1 1
